9.8   1.6   0.1351595642798751
9.7   1.7   0.0904547417775383
9.6   1.8   0.08201061848449173
9.5   1.9   0.11016383494945713
9.4   1.9   0.10512996574918664
9.3   1.9   0.12000504757326683
9.2   1.8   0.10130070564054153
9.1   1.7   0.11842466856430796
9.0   1.6   0.1706942579805834
8.9   1.5   0.2560256503055695
8.8   1.6   0.3429807346430018
8.7   1.5   0.4445319517355385
8.6   1.6   0.5401917094685434
8.5   1.5   0.6425854207255757
8.4   1.6   0.7311919058083048
8.3   1.5   0.8189177693229702
8.2   1.6   0.8858265923736582
8.1   1.5   0.9456899968808946
8.0   1.6   0.9796823522643158
7.9   1.6   0.9987364165392677
7.8   1.6   0.9979414246945311
7.7   1.7   0.9930773621538597
7.6   1.8   0.9884892833384671
7.5   1.9   0.9843601004722025
7.4   2.0   0.9808544310455545
7.3   2.1   0.9781120350357838
7.2   2.2   0.976242243117668
7.1   2.3   0.9753195979945148
7.0   2.4   0.9753808826158068
6.9   2.5   0.9764236537570896
6.8   2.6   0.9784063394236149
6.7   2.7   0.9812498961945832
6.6   2.8   0.9848409604349003
6.5   2.9   0.9890363677455616
6.4   2.9   0.9563434756219421
6.3   2.9   0.9430424657201574
6.2   2.9   0.9496636073312279
6.1   2.8   0.9209661172178062
6.0   2.7   0.8954194586050713
5.9   2.6   0.8740420961547692
5.8   2.5   0.8576862778476255
5.7   2.4   0.8470040585457781
5.6   2.3   0.842421304623097
5.5   2.2   0.844120716016765
5.4   2.1   0.8520345425573177
5.3   2.0   0.8658472849541081
5.2   1.9   0.885008272756406
5.1   1.8   0.9087536178465261
5.0   1.7   0.9361366682484957
4.9   1.6   0.9660657481550001
4.8   1.5   0.9973476795968406
4.7   1.5   1.0048502727173805
4.6   1.5   0.9924255624018593
4.5   1.4   0.9844539606080093
4.4   1.3   0.9771021303463544
4.3   1.2   0.9706631658893833
4.2   1.1   0.9653937684306699
4.1   1.0   0.9615040122183469
4.0   0.9   0.9591489695577631
3.9   0.8   0.9584225285680312
3.8   0.7   0.9593536501589929
3.7   0.6   0.9619052134511415
3.6   0.5   0.9659754956679426
3.5   0.4   0.9714022275019304
3.4   0.3   0.9779690622799267
3.3   0.2   0.9854142010221779
3.2   0.1   0.9934408295415246
3.1   0.1   0.9917622404090122
3.0   0.2   0.9804453536762595
2.9   0.3   0.9699080489841795
2.8   0.4   0.9605704154184577
2.7   0.5   0.9528047149627525
2.6   0.6   0.9469205415881481
2.5   0.7   0.9431524787185072
2.4   0.8   0.9416507471296318
2.3   0.9   0.9424752161209835
2.2   1.0   0.9455930167156386
2.1   1.1   0.9508798520426768
2.0   1.2   0.9581249526611831
1.9   1.3   0.9670394792727347
1.8   1.4   0.9772680378327443
1.7   1.5   0.9884028479895077
1.6   1.6   0.9999999999999999
1.5   1.6   0.9958488604028461
1.4   1.7   0.9877120740445988
1.3   1.8   0.9800651685174002
1.2   1.9   0.9732130018134146
1.1   2.0   0.9674287481958671
1.0   2.1   0.9629430076032215
0.9   2.2   0.9599346123573338
0.8   2.3   0.9585234976831175
0.7   2.4   0.9587659202696033
0.6   2.5   0.9606522154932764
0.5   2.6   0.9641071827161187
0.4   2.7   0.9689930832977347
0.3   2.8   0.9751151318002861
0.2   2.9   0.9822292614692172
0.1   2.9   0.9527264695500389
0.0   2.9   0.9427597584706597
